{
   "transform_tree": {
      "nodes": [
         {
            "id": 0,
            "parent_id": -1
         },
         {
            "id": 1,
            "parent_id": 0
         },
         {
            "id": 2,
            "parent_id": 1
         },
         {
            "id": 3,
            "parent_id": 2
         },
         {
            "id": 4,
            "parent_id": 3
         },
         {
            "id": 5,
            "parent_id": 4
         },
         {
            "id": 6,
            "parent_id": 5,
            "translation2d": [
               1402,
               4236
            ]
         },
         {
            "id": 7,
            "parent_id": 6
         },
         {
            "id": 8,
            "parent_id": 5,
            "translation2d": [
               80,
               1003
            ]
         },
         {
            "id": 9,
            "parent_id": 8,
            "matrix": [
               0.996194698091746,
               0,
               0.0871557427476582,
               0,
               0,
               1,
               0,
               0,
               -0.0871557427476582,
               0,
               0.996194698091746,
               0,
               8.7155742747658e-05,
               0,
               -0.000996194698091745,
               1
            ]
         },
         {
            "id": 10,
            "parent_id": 5,
            "translation2d": [
               80,
               3360
            ]
         },
         {
            "id": 11,
            "parent_id": 10,
            "matrix": [
               1.01999998092651,
               0,
               0,
               0,
               0,
               1.01999998092651,
               0,
               0,
               0,
               0,
               1,
               0,
               0,
               0,
               0,
               1
            ]
         },
         {
            "id": 12,
            "parent_id": 5,
            "translation2d": [
               120,
               5118
            ]
         },
         {
            "id": 13,
            "parent_id": 5,
            "translation2d": [
               862,
               5076
            ]
         },
         {
            "id": 14,
            "parent_id": 13,
            "matrix": [
               0.90630778703665,
               0,
               0.422618261740699,
               0,
               0,
               1,
               0,
               0,
               -0.422618261740699,
               0,
               0.90630778703665,
               0,
               0,
               0,
               0,
               1
            ]
         },
         {
            "id": 15,
            "parent_id": 5,
            "translation2d": [
               1099,
               5076
            ]
         },
         {
            "id": 16,
            "parent_id": 15,
            "matrix": [
               1,
               0,
               0,
               0,
               0,
               0.965925826289068,
               -0.258819045102521,
               0,
               0,
               0.258819045102521,
               0.965925826289068,
               0,
               0,
               0,
               0,
               1
            ]
         },
         {
            "id": 17,
            "parent_id": 5,
            "translation2d": [
               1521,
               5076
            ]
         },
         {
            "id": 18,
            "parent_id": 17,
            "matrix": [
               0.969846310392954,
               0.0301536896070458,
               0.241844762647975,
               0,
               0.0301536896070458,
               0.969846310392954,
               -0.241844762647975,
               0,
               -0.241844762647975,
               0.241844762647975,
               0.939692620785908,
               0,
               0,
               0,
               0,
               1
            ]
         },
         {
            "id": 19,
            "parent_id": 5,
            "translation2d": [
               80,
               5492
            ]
         },
         {
            "id": 20,
            "parent_id": 19
         },
         {
            "id": 21,
            "parent_id": 20,
            "matrix": [
               1,
               0,
               0,
               0,
               0,
               1,
               0,
               0,
               0,
               0,
               1,
               0,
               0,
               0,
               -0.00166666666666667,
               1
            ]
         },
         {
            "id": 22,
            "parent_id": 21,
            "translation2d": [
               40,
               40
            ]
         },
         {
            "id": 23,
            "parent_id": 22,
            "matrix": [
               0.866025403784439,
               0,
               0.5,
               0,
               0,
               1,
               0,
               0,
               -0.5,
               0,
               0.866025403784439,
               0,
               0,
               0,
               0,
               1
            ]
         },
         {
            "id": 24,
            "parent_id": 5,
            "translation2d": [
               862,
               5514
            ]
         },
         {
            "id": 25,
            "parent_id": 24
         },
         {
            "id": 26,
            "parent_id": 25,
            "matrix": [
               1,
               0,
               0,
               0,
               0,
               1,
               0,
               0,
               0,
               0,
               1,
               0,
               0,
               0,
               -0.001,
               1
            ]
         },
         {
            "id": 27,
            "parent_id": 26,
            "translation2d": [
               340,
               0
            ]
         },
         {
            "id": 28,
            "parent_id": 27,
            "matrix": [
               0.90630778703665,
               0,
               0.422618261740699,
               0,
               -0.109381654946615,
               0.965925826289068,
               0.234569716009804,
               0,
               -0.408217893676735,
               -0.258819045102521,
               0.875426098065593,
               0,
               0,
               0,
               0,
               1
            ]
         },
         {
            "id": 29,
            "parent_id": 28
         },
         {
            "id": 30,
            "parent_id": 29,
            "matrix": [
               1,
               0,
               0,
               0,
               0,
               1,
               0,
               0,
               0,
               0,
               1,
               60,
               0,
               0,
               0,
               1
            ]
         },
         {
            "id": 31,
            "parent_id": 28
         },
         {
            "id": 32,
            "parent_id": 31,
            "matrix": [
               -1,
               0,
               0,
               0,
               0,
               1,
               0,
               0,
               0,
               0,
               -1,
               -60,
               0,
               0,
               0,
               1
            ]
         },
         {
            "id": 33,
            "parent_id": 28
         },
         {
            "id": 34,
            "parent_id": 33,
            "matrix": [
               0,
               0,
               -1,
               -60,
               0,
               1,
               0,
               0,
               1,
               0,
               0,
               0,
               0,
               0,
               0,
               1
            ]
         },
         {
            "id": 35,
            "parent_id": 28
         },
         {
            "id": 36,
            "parent_id": 35,
            "matrix": [
               0,
               0,
               1,
               60,
               0,
               1,
               0,
               0,
               -1,
               0,
               0,
               0,
               0,
               0,
               0,
               1
            ]
         },
         {
            "id": 37,
            "parent_id": 28
         },
         {
            "id": 38,
            "parent_id": 37,
            "matrix": [
               1,
               0,
               0,
               0,
               0,
               0,
               -1,
               -60,
               0,
               1,
               0,
               0,
               0,
               0,
               0,
               1
            ]
         },
         {
            "id": 39,
            "parent_id": 28
         },
         {
            "id": 40,
            "parent_id": 39,
            "matrix": [
               1,
               0,
               0,
               0,
               0,
               0,
               1,
               60,
               0,
               -1,
               0,
               0,
               0,
               0,
               0,
               1
            ]
         },
         {
            "id": 41,
            "parent_id": 5,
            "translation2d": [
               1742,
               5492
            ]
         },
         {
            "id": 42,
            "parent_id": 41
         },
         {
            "id": 43,
            "parent_id": 42,
            "matrix": [
               1,
               0,
               0,
               0,
               0,
               1,
               0,
               0,
               0,
               0,
               1,
               0,
               0,
               0,
               -0.00166666666666667,
               1
            ]
         },
         {
            "id": 44,
            "parent_id": 43
         },
         {
            "id": 45,
            "parent_id": 44,
            "matrix": [
               -0.866025403784439,
               0,
               0.5,
               0,
               0,
               1,
               0,
               0,
               -0.5,
               0,
               -0.866025403784439,
               0,
               0,
               0,
               0,
               1
            ]
         },
         {
            "id": 46,
            "parent_id": 43,
            "translation2d": [
               220,
               0
            ]
         },
         {
            "id": 47,
            "parent_id": 46,
            "matrix": [
               -0.866025403784439,
               0,
               0.5,
               0,
               0,
               1,
               0,
               0,
               -0.5,
               0,
               -0.866025403784439,
               0,
               0,
               0,
               0,
               1
            ]
         }
      ]
   },
   "clip_tree": {
      "nodes": [
         {
            "id": 0,
            "parent_id": -1,
            "clip_rect": [
               -8388608,
               -8388608,
               16777215,
               16777215
            ]
         },
         {
            "id": 1,
            "parent_id": 0,
            "clip_rect": [
               0,
               0,
               2370,
               1364
            ]
         },
         {
            "id": 2,
            "parent_id": 1,
            "clip_rect": [
               4,
               4,
               232,
               152
            ]
         },
         {
            "id": 3,
            "parent_id": 2,
            "clip_rect": [
               4,
               4,
               202,
               122
            ]
         }
      ]
   },
   "effect_tree": {
      "nodes": [
         {
            "id": 0,
            "parent_id": -1,
            "opacity": 1,
            "blend_mode": "SrcOver"
         },
         {
            "id": 1,
            "parent_id": 0,
            "opacity": 1,
            "blend_mode": "SrcOver"
         },
         {
            "id": 2,
            "parent_id": 1,
            "opacity": 1,
            "blend_mode": "Multiply"
         },
         {
            "id": 3,
            "parent_id": 1,
            "opacity": 1,
            "blend_mode": "Screen"
         },
         {
            "id": 4,
            "parent_id": 1,
            "opacity": 1,
            "blend_mode": "Overlay"
         },
         {
            "id": 5,
            "parent_id": 1,
            "opacity": 1,
            "blend_mode": "SrcOver"
         },
         {
            "id": 6,
            "parent_id": 1,
            "opacity": 1,
            "blend_mode": "SrcOver"
         },
         {
            "id": 7,
            "parent_id": 1,
            "opacity": 1,
            "blend_mode": "SrcOver"
         },
         {
            "id": 8,
            "parent_id": 1,
            "opacity": 1,
            "blend_mode": "SrcOver"
         },
         {
            "id": 9,
            "parent_id": 1,
            "opacity": 1,
            "blend_mode": "SrcOver"
         },
         {
            "id": 10,
            "parent_id": 1,
            "opacity": 1,
            "blend_mode": "SrcOver"
         },
         {
            "id": 11,
            "parent_id": 1,
            "opacity": 1,
            "blend_mode": "SrcOver"
         }
      ]
   }
}